0 1 0.851252
0 2 0.350035
0 3 0
0 4 0.253478
0 5 0.731121
0 6 0.503155
0 7 0
0 8 0
0 9 0.537907
1 0 0.885378
1 2 0.54847
1 3 0
1 4 0.200015
1 5 0.538494
1 6 0.407711
1 7 0
1 8 0.200015
1 9 0.643589
2 0 0.42661
2 1 0.609039
2 3 0.341947
2 4 0
2 5 0.200007
2 6 0.200007
2 7 0.488002
2 8 0.515257
2 9 0.61131
3 0 0
3 1 0
3 2 0.314502
3 4 0.360289
3 5 0
3 6 0
3 7 0.742218
3 8 0.752677
3 9 0.20002
4 0 0.33021
4 1 0.200025
4 2 0
4 3 0.468976
4 5 0.655658
4 6 0.454749
4 7 0.200025
4 8 0.228258
4 9 0
5 0 0.76432
5 1 0.532262
5 2 0.200023
5 3 0
5 4 0.56492
5 6 0.603266
5 7 0
5 8 0
5 9 0.323155
6 0 0.452621
6 1 0.349356
6 2 0.200011
6 3 0
6 4 0.343076
6 5 0.51839
6 7 0
6 8 0
6 9 0
7 0 0
7 1 0
7 2 0.53142
7 3 0.845898
7 4 0.200012
7 5 0
7 6 0
7 8 0.719628
7 9 0.200012
8 0 0
8 1 0.20001
8 2 0.43138
8 3 0.767116
8 4 0.211264
8 5 0
8 6 0
8 7 0.611494
8 9 0.384641
9 0 0.589124
9 1 0.662299
9 2 0.513977
9 3 0.200011
9 4 0.200011
9 5 0.366155
9 6 0.200011
9 7 0.200011
9 8 0.495461
